0
811
533
2414
2802
1134
1760
2935
801
174
1468
1587
2316
1330
1880
1766
2367
2828
303
2159
2114
1074
2664
1578
2827
2905
1246
1721
655
1871
139
2099
1380
1541
443
2033
947
784
1752
1763
2111
47
2131
1172
2209
338
112
192
806
2365
1333
1353
2007
2933
986
1978
425
838
1407
2469
2708
2559
2842
1980
321
447
1132
337
820
195
1870
2293
1122
1190
2276
203
2241
918
86
540
540
2737
1468
208
215
2721
1166
2053
1451
586
1969
2104
1559
1224
1375
2566
1111
1717
2544
298
433
669
1576
2188
1039
1167
1238
2971
770
2039
1758
2692
820
1874
2437
2138
30
2075
1657
1104
2801
449
1658
1955
1844
968
2076
778
1089
2619
1598
572
1568
1180
911
2586
1042
2209
329
1256
319
1551
2666
808
274
1779
2347
1637
1525
2707
1686
2302
346
799
2169
2431
183
1575
868
405
167
1497
1183
2683
587
781
1486
2498
2486
2429
1430
1098
192
1568
2515
1913
2497
334
2474
1067
2947
809
1855
700
327
2883
1578
20
2359
302
246
2913
2431
1963
169
1440
2820
1395
293
2010
2506
1411
2206
2216
668
288
1589
2514
1070
487
277
2665
2321
1437
1339
1417
2760
1427
933
73
2745
280
1279
1852
2745
2510
992
2713
2581
2224
893
2084
8
2813
894
14
2397
2775
1344
2192
537
2868
2177
1153
1640
536
2889
857
46
1025
1055
1026
2079
1715
612
636
349
507
2273
60
353
2343
2824
1157
2266
575
902
1752
414
1779
2011
1603
1225
1386
2188
515
79
515
2034
2888
1945
2349
2343
590
1876
2290
1267
555
2847
1189
2605
1103
193
1105
407
1738
345
1901
2614
1984
2312
2316
1601
2674
2433
415
486
615
580
464
1274
2866
1607
1349
1972
1745
627
2163
2236
380
1635
2075
2954
1146
336
733
1123
1218
2069
879
2795
330
679
284
2294
1813
2838
2607
2421
595
267
345
1284
13
949
1845
2689
1352
795
2165
295
2951
2070
2159
1662
566
192
927
2238
1054
2648
1668
1580
1882
1460
847
1651
2099
2688
897
1330
1868
2835
1996
1116
425
263
2935
1219
944
1822
3
2781
192
2292
2504
1846
1816
1942
1064
1593
2983
2062
1504
1078
2414
1387
253
1601
1689
1210
685
2112
2925
362
2729
997
2076
2215
2394
2855
1528
1125
2056
2821
2487
13
2452
1398
1423
2351
994
1400
822
1869
1897
775
2571
764
620
1854
2610
2800
1248
849
534
687
1737
2127
820
1856
2866
678
990
2092
586
1308
313
318
2620
2982
789
2149
444
2248
1651
399
232
2131
2475
466
1742
892
1573
1637
2541
1594
727
2833
2078
1485
2175
2798
2277
2328
2083
92
2518
2909
2804
1271
100
648
391
2046
2210
2902
834
555
1167
1185
1921
1945
2889
972
2550
268
597
2578
2024
404
495
2619
946
1240
422
237
848
2459
2666
1475
2184
310
1654
2802
780
129
375
303
609
621
2436
1944
2379
1032
808
2924
606
2416
1712
1805
215
2361
195
1660
1202
1745
1173
1794
1787
2315
2308
1621
345
2644
1127
2844
1384
1451
685
1757
1683
2051
2654
2794
2396
2927
914
2361
1462
2585
1871
2854
1759
459
1069
2104
2093
1460
1678
1779
2886
2148
2801
2344
2849
267
2833
2540
708
2051
565
561
1648
1279
2703
1101
2393
1413
303
2463
2128
2848
2124
82
803
1215
481
2230
846
2701
163
739
1604
2023
2179
1815
1547
2334
768
831
325
1738
117
175
2762
110
1944
595
2265
2438
1544
1389
486
1257
1203
2214
2555
528
1467
1691
1157
567
2717
2194
76
2379
2146
1578
753
2186
2590
1632
688
895
2515
2636
1963
2123
811
1587
1185
1132
1882
1869
1687
1033
110
558
2710
69
1741
1511
2000
1320
2121
48
505
837
1087
1952
59
537
2248
638
1525
2879
2413
1963
2462
1277
1813
567
996
1397
1038
1413
2363
977
1322
192
2231
2281
1493
1092
2426
1206
1220
168
977
2179
655
1235
2131
870
1355
1313
2038
2829
336
2142
2946
1901
2936
592
2219
1711
2601
2301
22
2264
2993
371
1757
1193
1185
610
360
1245
1934
2004
2052
1978
2582
1894
2316
1649
602
1302
906
2650
2878
139
2776
1902
1042
898
2453
1329
647
1394
2238
2045
1356
124
804
2796
1752
1417
2795
1629
1862
1782
963
2769
2479
1777
2231
1113
1554
821
2077
1031
1525
2486
1990
762
2861
696
1167
2874
1515
123
1873
2043
912
855
1758
2065
812
839
2812
1327
2676
1698
2814
1074
2624
2901
1568
2271
1655
62
2780
627
221
1906
1897
135
2608
1373
308
356
2426
1293
2452
162
1437
1145
2487
347
2249
2377
359
1682
1927
2925
198
377
1577
2465
1094
915
421
1589
2320
1471
2790
1683
887
253
1168
1889
1094
2946
1277
2490
1785
2269
1188
1947
1331
2357
830
2708
2254
2213
2032
1214
164
1344
1767
1837
1852
1003
1040
1748
73
1176
1339
283
2016
921
1895
181
1423
4
1633
2671
1549
1422
294
1193
1102
1201
790
2283
1003
2214
693
287
2846
2018
2101
763
361
2273
182
56
87
325
2837
142
2823
323
430
358
1266
1650
942
2569
1300
1440
157
2184
1292
2344
243
2529
2374
2753
80
1439
2259
1215
1963
161
2211
839
1385
802
2890
675
2540
2074
1524
2210
2479
105
2667
993
322
292
1868
1925
1055
2401
664
437
176
449
224
277
1240
1946
84
1123
610
1925
2872
2986
1467
56
2689
764
1571
2071
202
2718
1031
2682
1551
309
366
1519
1160
1852
1743
1501
260
1698
2053
216
2068
198
896
2056
875
1308
770
531
689
2780
1319
1856
1560
298
1331
496
2414
0
